730653839064
56245253501
415304904219
179231313279
350339383096
249578388569
885807863562
154060244164
92412647402
417569951017
476792137028
217129988055
260869852496
715547357432
690516663918
514420965605
465721459628
508486028842
180984602305
390408941306
222294596796
556155751949
185682831447
777598786586
425176907574
975780735790
419848028098
519617456167
969396828527
766275950616
293685079294
328419867415
98562497651
736049230474
891427854940
966101890292
411955893036
559261135869
931773153101
283964840367
566300449209
691507697276
720548522756
711207624026
723057550067
435871027359
646728834193
899252371260
611091204216
375370096903
532447883885
747617417991
873058522396
606337082916
746288904832
802787734590
274090660529
615448308732
748970785899
355778657750
415808381895
653264566797
664538774107
425602472172
336628198727
285163893125
558945339428
532424101181
131610938985
845335045222
83639133138
638590082590
598800754882
205849588666
812011738320
409912330533
228656892652
115992002703
54514070508
102896050837
142603713438
270724943253
316758090888
195947044103
973112743040
175842506297
457707478927
79300090288
148597065037
304755221558
82756902981
555036474065
926239824063
415601464138
451794811682
964252593980
411067310960
655349113200
37177028525
402409700313